      3 1005846500583321601 1308267623327518725
      3 1020602380096696320 578601744
      3 1029041185808109568 614600545
      3 1066773270773547008 838381908656603144
      3 1077214808 2530758806
      3 1094713876132872192 1263391922657337345
      3 1108565574 2574271742
      3 1109045045649424386 1060440219097423872
      3 117122035 804582780298412032
      3 1176522535531360257 41186732
      3 118166719 118166719
      3 1201670995435646976 41186732
      3 1201944151 302984766
      3 1201953403099893760 41186732
      3 122640580 302984766
      3 1238370241169616897 2574271742
      3 1259851956 41186732
      3 130120037 199452338
      3 1305817131234267136 199452338
      3 1307027256133345280 804582780298412032
      3 1341091420439015424 41186732
      3 1349087304233541633 804582780298412032
      3 1387802155810271239 1387010761994682371
      3 1415344770130587649 199452338
      3 14328072 2530758806
      3 14344823 41186732
      3 1442256078259974154 302984766
      3 1443759943 578601744
      3 1449377648229195779 302984766
      3 1456416915065352197 578601744
      3 1481658762221993984 1387010761994682371
      3 1483959660185067526 199452338
      3 1491238215256141825 578601744
      3 1498289437624647686 578601744
      3 152656121 199452338
      3 15801906 1263391922657337345
      3 159021888 3453306553
      3 1598709350 1387010761994682371
      3 168261424 199452338
      3 17204460 302984766
      3 175694557 578601744
      3 182474563 29447428
      3 18440301 804582780298412032
      3 1903372854 1387010761994682371
      3 198296897 3453306553
      3 19899980 578601744
      3 20172153 1387010761994682371
      3 20280088 838381908656603144
      3 21365372 302984766
      3 214492262 302984766
      3 2209106522 1387010761994682371
      3 22189368 199452338
      3 22277113 29447428
      3 22693817 578601744
      3 22956018 302984766
      3 24127811 578601744
      3 25268540 348764745
      3 255369151 3453306553
      3 255471924 578601744
      3 2561429863 302984766
      3 2583166945 302984766
      3 26637348 578601744
      3 27086850 199452338
      3 27493883 1263391922657337345
      3 282711900 29447428
      3 2924933104 578601744
      3 2926204339 3453306553
      3 29270273 804582780298412032
      3 292891307 29447428
      3 300236092 938494109844729856
      3 3140730672 3453306553
      3 3249260534 804582780298412032
      3 3348628540 578601744
      3 4091551984 1921951394
      3 41438148 938494109844729856
      3 416950760 3453306553
      3 424144191 1387010761994682371
      3 45342709 1387010761994682371
      3 45977763 48074704
      3 46926921 1387010761994682371
      3 532779460 1308267623327518725
      3 62859096 614600545
      3 71048726 1308267623327518725
      3 722528529716383744 41186732
      3 73397322 578601744
      3 746417655750373376 578601744
      3 7767002 578601744
      3 785563515897524229 302984766
      3 79352723 578601744
      3 80802900 199452338
      3 813314931147816960 177400353
      3 818975124460335106 41186732
      3 833988769 832019161454817280
      3 848148994102611969 1308267623327518725
      3 848148994102611969 940778288871542786
      3 871464343040393218 1387010761994682371
      3 879147821915615233 1060440219097423872
      3 919828292387061761 1387010761994682371
      3 923799290 938494109844729856
      3 935368364 41186732
      3 950261179536084992 578601744
      3 966695335887241219 1387010761994682371
      3 970994516357472257 1387010761994682371
      3 978823376 578601744
      4 1003107003693137921 1921951394
      4 1060751816 302984766
      4 1080844782 1921951394
      4 1104524508709441536 1387010761994682371
      4 1136667717317091328 29447428
      4 1155845777039810560 578601744
      4 1241938664 804582780298412032
      4 1278236816936710144 29447428
      4 1344356576786866176 41186732
      4 1375592430624518156 578601744
      4 1393936924830732288 804582780298412032
      4 14362766 302984766
      4 1488966025257312262 1387010761994682371
      4 15207668 41186732
      4 153517357 578601744
      4 16106584 1387010761994682371
      4 178711456 614600545
      4 18166778 41186732
      4 1917731 1417952253449842692
      4 19678937 302984766
      4 20751145 804582780298412032
      4 27493883 1060440219097423872
      4 2975091705 41186732
      4 306832085 578601744
      4 381685461 302984766
      4 3866705320 199452338
      4 39508140 39508140
      4 43277776 614600545
      4 48325671 1263391922657337345
      4 486834536 1921951394
      4 52585436 302984766
      4 54391597 804582780298412032
      4 58974496 3453306553
      4 603724114 302984766
      4 67805368 302984766
      4 746652122 578601744
      4 775611351792222208 199452338
      4 793520017 1387010761994682371
      4 799911790398373888 2574271742
      4 885891622919184384 302984766
      4 90679076 348764745
      4 945762498883588097 578601744
      4 954005058793832448 1263391922657337345
      4 96152544 302984766
      4 977204844 804582780298412032
      5 105433445 302984766
      5 1074480192 41186732
      5 1113747629282930688 578601744
      5 1177718582 302984766
      5 14260960 832019161454817280
      5 151606599 302984766
      5 1652541 1417952253449842692
      5 17477864 981436419087523840
      5 179313631 938494109844729856
      5 2245797112 302984766
      5 2809959174 302984766
      5 2904241896 578601744
      5 2987245137 1387010761994682371
      5 31194003 1492690652529889282
      5 355422278 578601744
      5 39002335 804582780298412032
      5 467726691 1060440219097423872
      5 47094621 1387010761994682371
      5 471426839 804582780298412032
      5 499154896 41186732
      5 519897737 41186732
      5 523411543 302984766
      5 558818756 1263391922657337345
      5 80040960 1387010761994682371
      5 816652616625168388 41186732
      5 889054752230735872 199452338
      5 940778288871542786 940778288871542786
      5 978758798176382977 302984766
      6 1096205507348623360 302984766
      6 1260792878420291584 804582780298412032
      6 1391884924173627395 1263391922657337345
      6 16799453 578601744
      6 2153626892 1263391922657337345
      6 2352629311 41186732
      6 24931027 1308267623327518725
      6 2598999181 1263391922657337345
      6 343713611 1263391922657337345
      6 36134224 614600545
      6 409657315 302984766
      6 58487473 1387010761994682371
      6 799717156589965312 804582780298412032
      6 983813914596118529 578601744
      7 1137827292 29447428
      7 21525682 832019161454817280
      7 225779417 3453306553
      7 2264401871 938494109844729856
      7 255812611 1060440219097423872
      7 29459695 199452338
      7 302984766 302984766
      7 324703658 838381908656603144
      7 3300678755 578601744
      7 3832 804582780298412032
      7 832019161454817280 832019161454817280
      8 26562883 614600545
      9 113165445 804582780298412032
      9 1275209472 302984766
      9 19739126 41186732
      9 237176284 804582780298412032
      9 2800843867 302984766
      9 420617857 614600545
      9 614600545 614600545
      9 938758536938557440 41186732
     10 1236816024281976833 302984766
     10 2962813893 41186732
     10 64698201 614600545
     10 90651198 41186732
     11 1046608631968538624 578601744
     11 155930120 302984766
     11 1573800344 3453306553
     11 728273994 29447428
     11 879713479254528005 302984766
     11 94350709 29447428
     14 1384053916690571264 199452338
     14 756584190112591872 302984766
     14 877968869138329601 1309237180418666499
     15 1475643712596168706 1475643712596168706
     16 19604599 804582780298412032
     16 351120282 1387010761994682371
     17 2245822809 302984766
     17 2530758806 2530758806
     17 90732175 302984766
     18 26347394 302984766
     20 804582780298412032 804582780298412032
     21 1236324668640047105 302984766
     21 1373739644 1373739644
     25 19739126 1921951394
     25 492736486 302984766
     27 1387010761994682371 1387010761994682371
     28 956266072440635392 1492690652529889282
     31 29447428 29447428
     35 308045021 308045021
     95 1229752606714728454 1229752606714728454
